1   7.14   7.14   22.09     7.14   7.14   2.231313131313131e-01     0   0   0
 0.000000000000000e+00      0     0.000000000000000e+00            0
 0.000000000000000e+00      0     2.231313131313131e-01            0
 0.000000000000000e+00      0     4.462626262626262e-01            0
 0.000000000000000e+00      0     6.693939393939394e-01            0
 0.000000000000000e+00      0     8.925252525252525e-01            0
 0.000000000000000e+00      0     1.115656565656566e+00            0
 0.000000000000000e+00      0     1.338787878787879e+00            0
 0.000000000000000e+00      0     1.561919191919192e+00            0
 0.000000000000000e+00      0     1.785050505050505e+00            0
 0.000000000000000e+00      0     2.008181818181818e+00            0
 0.000000000000000e+00      0     2.231313131313131e+00            0
 0.000000000000000e+00      0     2.454444444444444e+00            0
 0.000000000000000e+00      0     2.677575757575758e+00            0
 0.000000000000000e+00      0     2.900707070707071e+00            0
 0.000000000000000e+00      0     3.123838383838384e+00            0
 0.000000000000000e+00      0     3.346969696969698e+00            0
 0.000000000000000e+00      0     3.570101010101011e+00            0
 0.000000000000000e+00      0     3.793232323232324e+00            0
 0.000000000000000e+00      0     4.016363636363637e+00            0
 0.000000000000000e+00      0     4.239494949494951e+00            0
 0.000000000000000e+00      0     4.462626262626264e+00            0
 0.000000000000000e+00      0     4.685757575757577e+00            0
 0.000000000000000e+00      0     4.908888888888891e+00            0
 0.000000000000000e+00      0     5.132020202020204e+00            0
 0.000000000000000e+00      0     5.355151515151517e+00            0
 0.000000000000000e+00      0     5.578282828282831e+00            0
 0.000000000000000e+00      0     5.801414141414144e+00            0
 0.000000000000000e+00      0     6.024545454545457e+00            0
 0.000000000000000e+00      0     6.247676767676770e+00            0
 0.000000000000000e+00      0     6.470808080808084e+00            0
 0.000000000000000e+00      0     6.693939393939397e+00            0
 0.000000000000000e+00      0     6.917070707070710e+00            0
 0.000000000000000e+00      0     7.140202020202024e+00            0
 0.000000000000000e+00      0     7.363333333333337e+00            0
 0.000000000000000e+00      0     7.586464646464650e+00            0
 0.000000000000000e+00      0     7.809595959595963e+00            0
 0.000000000000000e+00      0     8.032727272727277e+00            0
 0.000000000000000e+00      0     8.255858585858590e+00            0
 0.000000000000000e+00      0     8.478989898989903e+00            0
 0.000000000000000e+00      0     8.702121212121217e+00            0
 0.000000000000000e+00      0     8.925252525252530e+00            0
 0.000000000000000e+00      0     9.148383838383843e+00            0
 0.000000000000000e+00      0     9.371515151515156e+00            0
 0.000000000000000e+00      0     9.594646464646470e+00            0
 0.000000000000000e+00      0     9.817777777777783e+00            0
 0.000000000000000e+00      0     1.004090909090910e+01            0
 0.000000000000000e+00      0     1.026404040404041e+01            0
 0.000000000000000e+00      0     1.048717171717172e+01            0
 0.000000000000000e+00      0     1.071030303030304e+01            0
 0.000000000000000e+00      0     1.093343434343435e+01            0
 0.000000000000000e+00      0     1.115656565656566e+01            0
 0.000000000000000e+00      0     1.137969696969698e+01            0
 0.000000000000000e+00      0     1.160282828282829e+01            0
 0.000000000000000e+00      0     1.182595959595960e+01            0
 0.000000000000000e+00      0     1.204909090909092e+01            0
 0.000000000000000e+00      0     1.227222222222223e+01      9.806676595575939e-01
 0.000000000000000e+00      0     1.249535353535354e+01      9.591085553149005e-01
 0.000000000000000e+00      0     1.271848484848486e+01      9.369837305069706e-01
 0.000000000000000e+00      0     1.294161616161617e+01      9.147470140824718e-01
 0.000000000000000e+00      0     1.316474747474748e+01      8.924833651689140e-01
 0.000000000000000e+00      0     1.338787878787880e+01      8.702140946838411e-01
 0.000000000000000e+00      0     1.361101010101011e+01      8.479449888215060e-01
 0.000000000000000e+00      0     1.383414141414142e+01      8.256792534623290e-01
 0.000000000000000e+00      0     1.405727272727274e+01      8.034172963618894e-01
 0.000000000000000e+00      0     1.428040404040405e+01      7.811593815347035e-01
 0.000000000000000e+00      0     1.450353535353536e+01      7.589055041419009e-01
 0.000000000000000e+00      0     1.472666666666668e+01      7.366557719803450e-01
 0.000000000000000e+00      0     1.494979797979799e+01      7.144098982433856e-01
 0.000000000000000e+00      0     1.517292929292930e+01      6.921662240783949e-01
 0.000000000000000e+00      0     1.539606060606062e+01      6.699258179972717e-01
 0.000000000000000e+00      0     1.561919191919193e+01      6.476875479858702e-01
 0.000000000000000e+00      0     1.584232323232324e+01      6.254510364233486e-01
 0.000000000000000e+00      0     1.606545454545455e+01      6.032167418476356e-01
 0.000000000000000e+00      0     1.628858585858586e+01      5.809831070833701e-01
 0.000000000000000e+00      0     1.651171717171718e+01      5.587508699808350e-01
 0.000000000000000e+00      0     1.673484848484849e+01      5.365189370888714e-01
 0.000000000000000e+00      0     1.695797979797980e+01      5.142874340578951e-01
 0.000000000000000e+00      0     1.718111111111111e+01      4.920562890508406e-01
 0.000000000000000e+00      0     1.740424242424242e+01      4.698253782840562e-01
 0.000000000000000e+00      0     1.762737373737373e+01      4.475937865355246e-01
 0.000000000000000e+00      0     1.785050505050505e+01      4.253621947869931e-01
 0.000000000000000e+00      0     1.807363636363636e+01      4.031295751232254e-01
 0.000000000000000e+00      0     1.829676767676767e+01      3.808962805708269e-01
 0.000000000000000e+00      0     1.851989898989898e+01      3.586640901289830e-01
 0.000000000000000e+00      0     1.874303030303029e+01      3.364318671206300e-01
 0.000000000000000e+00      0     1.896616161616160e+01      3.141988838331484e-01
 0.000000000000000e+00      0     1.918929292929291e+01      2.919678318244572e-01
 0.000000000000000e+00      0     1.941242424242423e+01      2.697410477067294e-01
 0.000000000000000e+00      0     1.963555555555554e+01      2.475151040590565e-01
 0.000000000000000e+00      0     1.985868686868685e+01      2.253022808913155e-01
 0.000000000000000e+00      0     2.008181818181816e+01      2.031970154344641e-01
 0.000000000000000e+00      0     2.030494949494947e+01      1.810737722127590e-01
 0.000000000000000e+00      0     2.052808080808078e+01      1.590122038542945e-01
 0.000000000000000e+00      0     2.075121212121210e+01      1.373690056791891e-01
 0.000000000000000e+00      0     2.097434343434341e+01      1.157258075040836e-01
 0.000000000000000e+00      0     2.119747474747472e+01      9.388823135467267e-02
 0.000000000000000e+00      0     2.142060606060603e+01      7.267355936927652e-02
 0.000000000000000e+00      0     2.164373737373734e+01      5.495658793113314e-02
 0.000000000000000e+00      0     2.186686868686865e+01      4.275127470696920e-02
 0.000000000000000e+00      0     2.208999999999996e+01      3.054596148280620e-02
